1804
846
1681
1714
1957
424
719
1649
596
1189
1025
1350
783
1102
2044
1967
1365
1540
304
1303
35
521
294
1726
336
861
278
233
2145
468
1101
1801
1315
635
1369
1125
1059
2089
628
1656
1131
1653
859
1914
608
756
1734
1973
149
2038
1129
184
412
1424
1911
749
137
42
982
135
511
2084
1937
1827
572
1159
805
1632
1100
1433
1141
84
939
2001
1998
1548
610
1585
1374
760
1477
356
945
1889
1780
709
491
1918
752
1474
2053
1264
1411
1843
943
1984
855
1749
1469
1956
1036
463
2040
1975
317
1892
1376
927
1330
603
1687
660
959
485
402
593
1194
894
364
1947
221
270
1063
1633
2114
2007
1469
822
1610
791
631
498
1255
524
327
1572
269
1703
352
1600
160
2040
112
1120
378
515
1713
1573
1409
2077
1373
1631
200
289
1117
168
150
439
990
1760
1231
1622
111
338
2147
438
1911
269
2142
116
1869
155
8
1982
1275
387
350
841
1960
1760
771
1186
1244
971
1476
213
1139
1626
653
2130
1239
1884
1605
1350
76
1605
1789
1987
1875
1784
2103
1597
1939
2112
1432
1067
352
1782
1909
165
1395
532
1351
492
1504
680
706
496
159
1359
480
1398
1096
2086
601
1172
1544
243
1012
1272
2027
968
722
1820
933
6
740
1285
1789
502
1450
1037
1034
654
1529
392
1335
87
889
1494
1447
1369
745
396
1308
1346
1569
705
1590
434
1977
1470
1402
552
1143
188
559
1884
1473
201
238
776
1238
1273
1431
620
1665
619
707
407
2113
7
1776
711
404
937
2058
1973
1642
1501
260
1472
824
1662
2025
1967
1850
437
1704
1176
638
1943
1953
1876
1069
1237
349
588
1856
1057
995
1823
1065
625
387
1469
1562
298
1295
1057
1799
1555
382
476
1070
260
296
774
697
2001
1950
1335
1797
1756
1065
719
846
1414
1307
555
324
155
231
1389
780
619
711
195
917
2006
1253
570
1414
1635
1046
337
1896
1343
1111
446
1197
915
1782
846
524
700
1566
1371
2114
726
1927
292
882
11
1682
1662
630
246
1858
1548
105
964
2118
1520
452
1017
1857
201
213
822
648
1411
1737
282
110
114
982
1676
1486
950
255
1266
1242
1137
1277
777
653
1908
1023
364
1309
1129
1329
1280
501
1781
150
212
1983
364
1034
484
1775
624
767
1886
739
1750
1415
78
552
1671
1344
1795
661
474
425
1315
235
1448
1679
1545
430
861
677
932
496
828
1144
332
1192
31
816
820
655
1583
559
1395
1186
1974
1473
1739
1498
669
1387
12
1144
1812
1328
1380
1113
860
777
1543
1722
1455
328
70
136
1472
402
1329
1503
1219
2
12
655
561
1407
1841
389
733
1433
1887
1402
672
1900
400
337
1081
1780
1450
1941
410
847
1516
1866
1175
1586
2002
500
1989
1184
2004
1061
1186
2016
1717
1748
1276
1411
2137
2009
696
1877
1265
1369
1630
1665
1707
564
1297
1010
358
1708
1857
1874
1426
885
1314
1281
1386
1156
318
1243
70
1505
1112
1788
1106
241
1051
1095
104
1748
826
1369
970
309
887
530
873
37
1541
1232
1745
1251
959
1025
2137
126
159
1376
1282
478
471
1353
1983
1584
993
941
1826
2045
2037
1930
1647
716
1152
470
1025
2039
1001
1899
2077
394
983
1675
1645
1943
553
1635
2069
712
864
1204
1190
1336
410
1026
773
1404
1968
452
1302
1858
235
802
427
1388
1272
1452
1280
126
1204
1210
521
40
738
19
1983
1291
1655
1905
2004
371
962
1047
1707
1372
2073
333
628
1894
786
1931
1605
1021
586
2032
262
1859
1338
1543
1985
395
606
358
435
1344
378
272
488
2033
29
345
257
991
1392
1965
216
1319
151
845
1066
937
629
524
1959
1215
409
74
927
1747
1617
765
2143
76
1124
431
1421
1502
703
1909
1388
733
107
1646
1725
1500
1464
1941
672
1615
639
1738
406
1269
114
217
337
524
292
1265
124
1910
2030
120
1986
1007
551
1260
362
1255
1022
1751
1988
1130
1250
1566
483
567
1360
1155
35
2000
746
441
1122
861
659
1460
1385
952
577
1510
714
460
1630
554
1467
34
1814
1830
1290
690
1434
1131
1821
537
550
157
1104
1910
1312
1140
1763
2059
1582
738
772
94
51
10
1046
628
1520
1761
1089
1003
168
410
1038
1982
93
181
525
1527
1312
199
2064
1862
356
1022
1626
1669
14
1242
1581
1597
1981
207
1691
2032
217
590
513
1738
204
1603
595
372
2013
1633
207
2106
1815
733
1487
980
932
1404
695
1289
279
174
811
294
1417
245
1891
1250
452
1435
1135
670
2025
1649
262
82
1105
857
454
972
343
661
931
11
1395
271
992
180
1675
1687
1470
1954
1862
134
101
1131
380
1992
235
833
1280
1370
1503
1158
873
1766
1240
1979
476
1694
803
820
209
1735
831
1604
2006
1823
1785
1534
1364
1108
1341
1078
1242
1442
63
1623
1287
298
309
420
1669
1813
1579
395
1431
672
226
1907
219
1030
580
428
617
1412
2033
476
1088
1671
2010
305
632
1204
1384
1875
500
1447
1351
1787
1745
1660
61
1267
1326
1640
1663
610
164
1889
370
384
772
951
813
1390
216
699
1867
1304
223
1730
1610
856
787
846
584
1287
146
1936
928
1892
1449
989
1012
627
481
528
1238
646
270
1609
1031
1043
413
1844
286
629
396
6
1934
620
1736
1396
1476
376
96
2060
1664
242
1849
445
2135
1151
1434
1000
1779
1916
1528
870
415
1799
332
1446
695
745
1143
