981
1375
1539
987
1162
12
576
411
1489
953
507
1402
470
750
1104
915
737
108
202
1738
1887
2118
1119
610
386
771
942
1833
1466
1688
829
301
916
222
1289
2078
234
1866
342
1723
672
849
978
1143
1599
2083
2058
190
44
113
1928
1931
85
900
394
472
1671
1337
158
991
878
987
1292
1794
1209
434
1724
1444
153
2067
1020
825
769
1998
1968
221
1934
1880
411
1978
1994
192
1762
2079
1092
10
404
616
1347
562
1607
78
1550
752
1872
612
1186
1450
2056
1340
1369
929
18
2138
781
1987
213
568
1720
625
399
1567
817
14
1499
1910
25
1903
379
1372
318
1987
1451
1868
592
1176
333
1779
478
242
972
1848
1172
990
1840
1953
830
2053
373
403
530
773
1970
1348
788
1321
1111
813
1077
1490
38
1396
1330
1489
1116
1922
518
1450
1554
997
1692
379
698
717
1369
390
522
52
296
896
455
827
1670
278
28
311
1600
1139
1124
530
482
1163
1926
1812
505
895
1587
1024
198
995
2021
1891
1374
572
461
597
962
984
649
1259
1881
1105
2086
1403
1384
2115
1715
836
1107
692
1367
1589
1855
1146
1254
213
2042
695
1237
93
1690
1111
1984
917
1683
298
1514
499
1282
16
1759
1015
1122
1698
272
359
1666
1987
1195
625
532
415
67
240
1561
1322
454
1456
2017
1692
1549
1560
657
1386
331
193
1684
1845
692
819
1862
304
1835
837
2002
2107
1196
1521
1947
245
0
332
660
67
573
75
1390
1028
1531
1260
573
933
674
1230
172
1005
1424
1857
703
2117
529
418
274
217
1256
129
177
305
1651
2125
550
1651
310
1211
1719
883
1286
962
1912
671
76
338
1604
750
1569
1777
1756
845
1487
312
815
2016
730
1090
86
1987
1219
263
145
724
240
695
228
551
1907
1947
1435
1047
763
1199
1718
839
1538
1175
1590
959
805
1198
1805
144
1510
473
13
94
1564
99
2081
636
363
79
1360
604
775
1588
1155
535
1389
442
1582
4
1642
1153
844
1033
181
286
1992
986
1485
1650
1131
848
2124
1145
943
1541
1245
877
30
1608
956
1390
65
1731
832
1220
118
73
1663
1701
78
1158
707
922
44
888
1209
2037
1874
547
1540
858
1396
1518
2003
192
912
1101
1069
942
562
2025
185
627
1608
1018
1848
1727
1091
1364
1281
1170
375
1989
2092
419
730
1154
309
457
1702
1850
1316
950
1221
1173
1142
2133
127
64
928
689
2089
1114
1316
1551
2132
1017
1131
1076
234
266
99
609
107
44
1029
838
1199
1339
1295
753
1042
464
1704
116
1637
700
102
1764
764
1031
306
707
2145
1623
110
2131
493
1242
1060
728
1508
1160
1337
1616
1204
219
307
256
1559
1603
1010
454
2068
568
570
1558
1268
673
1175
2033
1704
1482
592
1702
959
703
1686
1453
1946
599
33
1308
1759
1371
777
816
1591
1085
1073
1003
541
2084
1457
461
505
2028
2020
1773
554
1048
1659
111
384
104
1814
1343
808
1353
649
608
1953
682
1916
1565
2054
546
234
1498
1631
1308
354
25
1245
1812
487
1750
1693
360
1376
100
1408
888
212
1793
993
2026
989
1802
1233
1638
263
1038
173
31
456
80
578
691
1578
62
2000
1933
87
1098
1597
574
701
1143
934
2078
1244
196
819
1456
1989
1813
1336
831
1468
421
321
1731
1460
495
1763
1917
575
194
461
6
256
313
1940
343
1412
1390
918
2113
386
1853
2044
1631
2049
716
940
1891
382
129
574
1851
551
896
1435
2011
1391
1051
1781
1967
1245
95
1974
1501
409
1767
1845
1821
1010
616
1787
1396
322
1684
880
224
253
1820
2115
636
1950
542
340
353
1438
1776
217
683
680
1999
503
1925
2094
330
1279
356
2097
978
29
960
1594
1817
209
1917
1353
1089
2141
1607
763
2108
96
566
503
437
919
1942
65
1137
478
745
989
981
523
936
1312
1803
1292
1262
634
1322
75
81
992
284
1998
198
1374
1992
1806
2138
1953
1902
556
309
192
1476
104
258
466
582
1004
1456
1564
1527
245
729
1183
1538
1992
1818
713
2067
1899
1705
204
1750
1904
1579
1595
1562
1569
1401
1318
2126
1711
1510
1455
1815
1768
1922
251
625
1230
1815
5
1475
398
1189
866
242
860
1579
162
612
1138
366
215
894
1945
1810
310
1368
1064
1628
1346
628
991
654
296
612
429
547
1238
1660
216
1243
988
614
285
1855
856
1145
1287
1019
1758
278
1386
1973
1173
1184
1636
1483
405
553
964
1752
1182
1955
259
1478
421
688
2026
1659
201
95
755
1189
709
1041
897
1566
39
37
438
1798
315
1824
1624
1488
861
1113
824
1267
1667
1788
871
701
1597
1131
33
2018
1820
2059
1530
2021
7
138
1063
717
1179
1961
136
1219
1999
574
869
167
251
346
1656
1113
1459
333
233
979
2122
1104
1681
1572
88
1714
1443
1908
1626
825
1782
1634
963
699
203
2143
512
339
1215
364
914
2085
531
1166
284
40
132
1744
374
365
576
349
1470
110
1921
1559
1825
1217
1320
1304
2042
955
791
859
1654
995
855
20
1335
2070
384
102
2008
916
1268
145
957
1401
1889
1331
1767
318
1680
1090
428
1454
502
106
524
1823
1410
419
631
54
1278
138
1049
2134
159
237
2057
543
339
1918
1460
1607
2063
270
861
1805
1602
481
2124
1135
1571
405
442
2074
511
966
1749
1922
1386
233
1976
517
372
878
504
531
1115
413
1075
1455
184
388
915
101
659
1777
1906
113
111
1883
1249
1683
141
1691
1609
652
510
1212
427
1896
1445
257
266
1818
1135
770
202
104
1184
1277
1559
1369
1665
327
1470
177
2105
1229
291
69
966
1540
1752
1107
1084
1214
1760
1595
279
40
1344
1725
297
1611
1396
1433
234
1598
1537
1419
727
949
641
246
1277
2112
423
1235
1194
714
1304
13
107
909
1120
1191
2123
733
639
256
774
1983
1981
1072
1447
1229
358
1682
680
1896
954
1408
698
1595
1654
1975
1560
2077
1063
607
644
220
620
752
1129
1741
1943
1106
327
435
1362
1101
271
1196
26
1719
278
384
1254
959
133
61
219
831
1656
1874
660
1069
1804
1723
1677
302
1944
150
1054
926
1891
850
2032
71
1285
1247
1172
1557
296
1199
1129
574
1584
236
1533
1717
297
1753
401
1954
1480
1061
877
1137
637
406
1440
434
556
346
1360
300
1197
1246
372
335
346
1544
1893
642
596
875
1216
33
1112
603
1750
1409
209
4
1217
1690
1066
2094
680
1703
353
2120
2138
910
320
1351
1211
1517
450
1583
1852
796
980
1598
1438
1577
326
507
1610
1438
1110
1213
701
1320
1218
1918
863
136
1865
1543
1840
71
1516
1831
981
1836
1035
45
1206
1486
1628
912
135
461
363
1573
2039
689
2081
1502
2128
1045
568
681
217
1786
452
1081
1923
170
477
1616
241
1994
1301
1222
1683
189
1268
742
1675
749
1655
1810
1210
2018
1237
1102
560
1171
457
541
68
1026
1223
286
665
1675
1367
441
1846
1844
2058
2087
1691
1212
1162
1227
1401
283
1970
930
1032
1478
593
96
1349
1830
1198
1909
854
1656
303
922
535
1526
1209
1200
1054
429
1642
753
127
1554
693
1818
619
1856
899
2021
2139
722
804
1025
53
1397
1121
1402
1080
172
1164
1934
1829
1467
710
217
846
1919
1417
1901
202
913
507
329
320
1201
0
939
910
900
813
902
1622
1617
1927
1676
867
901
931
1948
1073
2095
1735
755
1416
298
972
115
70
243
2016
272
1156
376
601
1476
1578
602
269
340
1502
1083
1243
978
553
1022
506
1421
1924
1438
1222
850
1386
810
1606
655
1108
431
770
1178
674
639
1451
1830
1016
2052
1160
447
507
1429
787
2010
365
2030
841
919
906
1348
193
682
639
1415
1533
2025
78
992
533
1186
1423
1303
218
2097
1943
1669
1781
812
1574
794
1259
2082
76
2047
1945
442
1930
639
1361
689
1988
1554
1371
479
822
757
358
900
1750
891
2087
1026
47
158
976
1991
1827
610
656
1255
1405
1915
1190
1481
1815
988
1924
1598
1628
1138
139
1469
545
1511
1949
1367
122
159
121
1872
1051
61
751
1099
220
1727
943
2048
190
1599
1155
1595
1367
198
930
1035
1187
707
486
669
1845
625
2138
243
2137
1940
1611
112
2100
1732
1984
1004
1793
587
2104
2013
168
899
1914
358
351
922
1954
1718
1121
737
606
161
1444
1092
831
1142
1718
822
1385
1708
615
849
1820
568
434
1657
1573
80
97
1529
2094
265
281
1861
624
633
637
431
204
1758
1169
811
1920
466
1904
604
1609
1475
1426
847
1036
2042
1697
709
463
2131
218
2036
65
316
1418
12
582
1700
1874
1206
186
364
1638
390
2123
660
1202
1896
1127
959
353
589
286
1779
1437
1323
1674
987
2032
2137
971
103
2026
1036
420
1297
1049
1002
849
776
61
1036
1140
1700
1426
1116
213
481
865
1340
1440
1218
1929
1727
850
1219
903
377
58
788
366
1030
892
245
2066
1312
1542
969
167
244
1745
229
1280
739
1929
560
1855
2142
1042
573
1335
335
1791
1117
2063
494
189
819
871
247
1608
1238
1277
352
1483
1197
1665
878
19
1833
1123
1764
2063
257
356
1845
817
64
1840
1859
637
1029
47
281
2146
2111
775
188
783
1646
436
243
737
1714
596
73
764
114
952
783
1948
2076
400
1863
186
757
1561
1003
821
1255
715
1458
136
763
1740
135
726
368
324
1509
2014
760
1753
604
327
203
678
1091
317
1631
1875
118
1560
128
1982
1746
885
1397
602
1706
504
1317
1018
641
2081
610
777
660
978
1101
22
845
1862
1776
1450
42
1979
2129
1134
150
1613
861
269
1026
990
104
625
1875
1501
1227
1434
2006
397
305
500
331
915
1277
991
1894
231
1014
593
2093
643
2044
2135
475
2026
1122
625
1492
1984
894
371
826
999
996
554
353
76
1989
212
474
147
712
806
1063
1990
1798
810
74
665
1403
20
1309
1300
8
1785
1179
1130
263
524
967
1158
896
1793
10
1893
201
364
1970
43
576
297
191
1289
1104
1255
1132
754
2066
1206
1420
1322
1226
582
475
1234
220
1655
217
483
32
1184
1642
928
831
1653
674
1032
2017
496
1076
446
794
1267
1736
1898
375
720
505
294
1927
1926
1616
1006
361
2092
93
581
1600
310
1065
1632
1495
560
413
179
66
1087
1212
2083
1584
140
383
230
1408
2119
2129
1784
692
487
2078
472
265
1547
1478
627
1492
1571
1208
945
1882
126
430
1231
687
843
1410
753
1931
475
690
1368
615
1073
1599
2024
1045
1580
1661
1738
2067
1591
63
186
991
1542
813
336
966
2022
1281
701
1
1712
1932
689
408
1195
1443
192
1671
2133
1561
139
1059
1012
16
2105
445
1677
1696
366
1121
1759
552
2113
1154
1366
302
2120
1241
1584
675
1242
1149
460
1932
1558
1656
1227
1751
1180
1213
1164
1319
