89
1840
427
762
742
1447
1904
1665
1762
1222
465
817
71
1887
518
1822
679
1085
818
1560
240
147
1857
1591
997
1246
1302
628
1913
2103
389
2003
1796
817
618
391
116
374
2057
1879
1597
375
549
1668
115
1067
1343
795
5
14
208
246
161
2065
1837
1159
1164
992
1787
931
948
29
786
597
847
1404
989
963
1779
899
696
1229
1274
1245
750
1390
165
2094
37
171
2108
246
417
122
164
107
1281
1329
1099
922
112
2048
952
899
498
1799
156
1487
615
1936
239
1311
1018
1513
410
1768
756
575
1715
794
747
1676
1040
1164
1798
1205
1271
933
387
223
1855
499
124
660
1399
623
311
1555
2111
927
1344
203
91
215
1717
502
1984
326
1078
1552
1120
1825
1080
14
841
731
1219
2113
1665
1606
190
1373
2106
314
2033
1358
938
197
766
902
1125
2111
1105
1217
179
674
1719
16
1001
649
1568
2121
327
501
2136
1169
1233
1208
1135
751
667
1325
2124
626
1640
2010
1984
431
60
604
1333
1185
568
291
255
747
966
1974
764
1967
477
185
1941
804
687
1930
1974
1921
990
962
525
1657
140
502
136
1781
365
2121
65
426
578
1398
1612
1146
1690
1868
1894
508
1695
510
328
25
696
122
829
1383
2053
656
1157
896
1619
1682
406
1759
37
543
1393
403
517
1458
829
1095
709
294
94
252
15
1988
761
1710
351
1090
1735
1048
1212
418
284
1118
1075
1441
2014
546
976
274
158
1014
817
1551
1417
1334
862
99
282
1572
394
376
1825
409
217
439
2119
569
1529
1708
1617
594
2126
1901
1713
1054
1195
1580
1600
24
1854
1759
1038
524
1163
308
1859
2026
408
2142
1451
802
371
1129
1211
589
1568
1184
1159
950
744
629
1544
724
383
1110
1778
1579
543
1231
1603
250
843
494
775
2007
803
487
1886
1211
482
1191
2013
853
173
1078
1443
1742
114
454
545
859
1084
2090
1583
1467
1053
1214
898
1596
298
355
1847
1142
850
474
1002
1653
962
741
717
1444
1933
583
150
2106
1662
1594
1701
1776
2048
98
489
985
41
2072
305
1094
1140
1204
543
1438
1559
243
433
262
718
1436
1915
1680
30
485
977
1963
1069
1127
1922
584
574
1476
213
475
1575
702
1461
1616
628
1766
563
1768
823
1107
1059
236
1350
1493
498
2069
781
266
1601
812
752
431
628
1821
1559
403
258
2133
1879
472
462
1307
1175
1923
776
1803
1543
1340
1423
219
300
336
455
1651
1829
953
1572
463
1220
1027
1275
1972
1458
1903
1646
870
159
1905
856
2038
230
1319
1198
1405
1095
1975
1061
491
1168
337
710
1468
674
1166
972
355
2120
398
819
1192
1425
2095
1017
736
1852
517
1607
2011
275
316
1903
506
1636
954
1911
583
782
825
1074
1950
1163
1785
1271
1837
804
96
46
776
495
865
1969
1920
813
840
509
518
1357
2117
382
1633
286
138
2139
1922
1092
1903
359
1874
582
1434
1677
1745
1072
801
1435
1876
898
1481
506
1393
200
328
1166
1013
1169
1676
1532
379
1646
1915
2012
1933
2053
2005
1709
998
1761
2068
725
196
1355
255
1941
280
1056
1230
9
1955
564
515
1201
764
844
220
1778
2013
1897
1163
245
1396
930
111
1182
836
2116
744
1834
1730
665
412
1926
2020
668
1720
153
1725
803
163
1533
1367
679
587
2132
1524
807
1763
1390
557
779
1636
1954
1710
1747
989
399
1716
1733
86
1298
251
499
1077
124
1167
651
278
745
1454
441
131
674
1121
718
659
497
1525
275
1888
2083
1054
1376
1890
617
976
732
1017
545
318
1103
1844
569
1603
774
694
624
1425
973
1369
732
1414
1501
1407
388
71
2067
886
1597
195
627
1533
1250
2004
1276
1868
833
2008
738
1378
179
1841
1075
749
1298
1850
1443
1922
1128
269
1144
1861
1684
498
1121
2072
570
1041
812
20
1237
1439
1554
340
1295
683
61
2129
544
799
1360
724
493
288
1473
1792
2138
769
1567
1118
1038
564
832
575
1062
1954
500
1632
848
1312
1653
2085
604
1060
278
1900
1743
339
1882
141
1139
1094
865
1633
1382
191
1277
1373
960
697
344
1999
1261
1177
426
176
983
927
1809
1832
92
1315
1770
696
228
2048
449
1972
240
184
2114
1379
1278
832
865
514
1023
2143
1887
1984
693
84
1835
1954
1261
114
2131
98
1042
1794
1930
1134
962
1552
1831
1191
1453
133
1016
1694
317
983
926
1596
1815
1792
2110
691
1788
1850
527
334
1934
216
141
1049
331
125
1147
1373
1920
930
360
735
335
43
1926
1789
177
795
1336
494
1779
116
2091
1447
1908
2054
2138
1549
1756
518
1883
1544
734
2024
446
1065
3
1593
291
1923
376
651
511
712
695
290
354
872
1086
1691
1367
717
1807
1310
17
1568
1217
8
970
827
527
706
224
1261
583
670
180
586
116
472
362
493
1123
873
1205
1819
1164
1560
544
102
1103
1912
820
763
1075
838
184
145
846
1154
972
1373
1860
1196
487
297
1867
668
884
1983
1140
1246
329
116
2120
1535
1936
1137
948
333
1240
2051
98
2060
667
1174
751
852
1320
1597
2006
145
823
1720
1342
1311
2017
1062
1980
754
898
973
2001
1228
1090
1974
616
879
964
1564
1213
57
1469
1311
2117
2136
338
721
841
1659
172
700
1804
996
273
1000
160
143
2062
2140
898
814
966
751
2042
2056
578
511
788
1543
2076
2001
1600
1398
1166
1570
1387
1505
145
81
1016
317
782
674
1313
1056
1674
1473
1199
1589
1466
2097
256
285
702
151
195
1281
663
983
677
592
838
129
1990
2004
1700
1230
1362
1845
1311
231
15
2094
905
1329
1002
432
655
55
2022
2122
5
130
260
708
281
455
1989
945
1439
518
1537
130
648
1379
2135
201
462
1349
2047
1774
1581
2063
1721
340
1245
576
772
1900
632
647
1875
638
777
2135
1346
1059
443
1188
2004
1883
1706
1394
2014
208
627
2001
410
1089
1204
310
716
638
226
290
978
1471
867
1750
1224
1500
250
951
2138
1028
940
1336
2088
1384
377
1945
1120
2084
1193
986
145
1820
840
555
762
2044
865
1479
535
1092
1770
1513
416
490
1117
1640
1990
1368
445
1980
249
1385
1170
190
621
1547
2136
1741
1484
1181
581
1629
854
1421
37
1616
1319
902
948
1854
1995
571
1221
263
1061
190
1904
904
1558
202
737
1808
1587
1908
1998
61
1308
1987
1803
645
1021
237
127
1876
1659
164
1345
830
1066
146
537
914
718
1758
1178
1779
1949
935
536
1361
1137
1274
1021
577
1034
872
639
195
712
295
840
1734
532
967
1463
44
1131
662
875
51
809
1413
965
1527
1024
2144
1159
826
932
1695
40
2069
822
1062
499
1857
1934
1139
2052
500
1435
746
87
1967
1714
1551
2012
698
66
740
749
875
5
1715
254
1030
1712
1413
1857
496
961
1897
419
1784
812
919
1493
599
2058
1399
1099
1345
2145
1187
1166
1712
591
1031
263
657
1771
1013
1532
1777
581
1787
660
146
1053
369
643
2015
120
1062
1651
932
1981
998
1531
1892
250
483
1090
248
1671
109
1960
114
1141
76
772
765
1089
157
394
1671
1944
1055
1817
850
1425
313
718
1545
1375
222
329
1209
1221
1861
954
1471
197
2045
1720
1869
7
1533
1983
1148
1610
608
1913
552
765
160
75
562
1215
1893
1413
493
58
2131
2038
1434
206
220
496
1427
2082
1450
751
132
1348
324
2001
1355
1857
1838
356
1320
299
122
1872
1065
283
1948
1628
1498
1694
893
1992
1753
877
1883
1040
1084
2103
1536
364
2038
840
1116
23
41
1440
2025
1396
1150
1715
1753
323
2015
1875
48
932
11
1997
413
1510
1544
1307
1355
1150
37
1090
43
1121
1047
1580
1486
938
273
454
962
314
1895
840
1711
898
408
1316
1222
276
1045
1270
1209
1056
1120
1622
419
517
782
1774
1667
819
718
1711
1941
1765
1144
1279
556
1417
1734
1518
1731
1482
211
1295
233
620
464
1455
896
1509
579
2105
419
1699
1580
838
69
214
465
1737
1034
1183
1301
828
801
298
2108
1358
1715
1695
729
1299
1030
941
447
1264
1561
911
572
310
274
1151
267
693
704
1848
1531
773
2062
1997
364
949
1033
1666
1778
1835
1964
1738
1046
1532
1286
1776
684
169
570
1132
1433
2132
2043
2006
295
170
1010
563
863
1714
263
248
340
179
98
705
1129
1131
223
759
820
41
350
1866
1573
1637
1495
111
1806
2066
1243
1093
2051
1139
951
199
1310
1962
762
27
1529
1025
275
1870
1205
373
427
186
1505
651
946
177
692
1297
2044
119
787
1392
230
446
1312
1473
1539
1215
466
344
1415
1776
159
29
1804
1688
1055
2079
1410
113
305
1838
299
1810
343
1246
1988
1036
396
1885
1155
1183
1130
1385
1630
295
712
1022
1511
1178
1366
778
807
1525
808
464
1066
1863
396
329
1977
701
21
129
364
364
1376
204
1400
1772
2089
408
808
1073
1794
290
1368
359
1313
731
1537
532
1510
198
2057
171
662
976
2035
1058
1306
1865
1760
1327
1995
2124
1692
1223
181
945
848
123
1354
1656
1196
1001
1947
417
1360
1112
1149
750
1644
512
948
1555
684
1611
384
572
522
1690
290
135
871
137
111
416
1361
293
1361
62
417
568
1719
1614
1569
1518
2031
782
484
1034
1532
2129
1547
333
1536
84
1944
1921
656
319
1464
947
455
188
1085
566
604
299
860
1966
361
1277
387
2080
743
1956
1452
628
591
1936
1662
2124
1917
1061
310
1307
1145
107
1081
1802
427
398
602
882
586
1687
1449
1191
1986
162
1009
200
1439
1396
133
35
1206
1585
663
1797
1374
178
1774
1144
1239
2084
304
238
45
1385
2040
472
1784
495
1355
223
34
657
1414
2020
820
277
73
111
1674
207
147
732
1793
811
382
1020
989
9
17
81
2094
321
319
2139
1707
212
464
1344
708
1820
1567
742
330
834
616
1150
1111
690
1262
638
897
1410
1371
543
73
1754
1563
1063
1763
1580
1144
1710
1902
1464
1701
1462
1677
18
659
238
1839
79
980
22
914
1597
1173
2026
139
288
517
1037
1699
1888
1580
1773
1495
996
688
1111
430
1833
674
185
1150
228
1648
680
247
160
918
2086
239
1899
2109
1153
1349
1134
1032
1489
1423
1550
379
975
1291
1960
601
639
810
1290
1751
1240
976
278
1425
2127
507
926
660
754
1087
1579
693
1326
1331
655
333
533
1790
1366
2023
1066
768
255
2042
2060
68
495
552
878
1786
156
2119
615
434
1397
594
941
177
1255
1696
1264
687
242
443
2019
897
777
405
540
2143
281
1606
764
537
1501
677
605
1997
1230
1484
1636
1386
1456
103
1821
706
698
616
883
1954
165
2147
494
407
443
365
1305
1220
771
1846
1216
1053
1305
1981
1590
659
511
48
509
1741
1532
2145
981
841
102
655
1547
800
1272
283
607
1437
283
1101
1845
726
1467
1004
1947
91
702
1016
1144
2008
850
587
520
1362
635
1030
956
20
1028
1938
861
1130
446
261
1931
1718
544
391
1009
827
1493
707
1554
813
1711
1354
905
266
223
2050
127
1074
490
648
289
1125
1678
1246
1146
559
1037
2008
1690
1483
122
1474
1055
667
1865
2064
1494
1211
624
901
2025
188
108
783
455
332
686
582
1407
1177
1231
1696
155
762
795
1302
1321
1832
1162
864
1169
1285
191
77
1952
2057
2141
1299
1121
618
53
1000
807
162
1784
1262
495
323
1845
1902
1500
928
1451
1656
1691
100
810
865
1933
1973
1730
954
1111
1921
1032
916
1831
1026
68
805
1644
122
1806
304
285
1442
1566
780
1766
1264
535
1119
45
1987
628
1736
2088
1439
454
1873
1265
37
681
230
1959
1713
1146
1643
591
1215
301
89
1338
2107
393
1623
1403
1960
256
1022
1077
792
2141
1123
633
622
712
573
2061
1167
299
1180
1204
981
1410
1016
546
409
512
1138
1625
813
1228
816
774
1622
292
30
1435
549
1052
364
1342
1046
1488
1975
1668
53
401
1583
1220
701
616
277
1683
2026
1294
82
289
1806
1221
1914
472
302
583
1247
1924
876
1277
1211
1426
181
1576
622
1228
917
450
749
970
852
185
43
1554
801
321
1089
680
1615
1172
969
1274
246
736
1747
548
1320
846
325
50
2124
1537
1476
158
966
2099
1386
1883
402
2136
707
1254
173
750
661
975
1071
1751
1655
539
775
477
1814
1022
1214
1414
1570
387
113
1895
437
90
1285
1914
248
104
1866
1635
1988
120
1624
547
1375
1797
1298
2036
625
223
1640
133
762
268
610
429
1290
1824
1844
713
64
1957
462
502
2048
1747
269
149
1852
2135
1785
1693
109
1261
93
1484
912
1392
1373
1537
1615
866
1670
230
1134
133
660
277
1958
357
991
2023
167
1454
379
68
1054
648
218
758
637
2003
304
746
1117
398
83
2030
1790
1456
1420
1258
175
943
1488
1310
1077
1
1588
888
359
432
765
526
1886
1144
595
793
1793
813
1552
282
669
1856
1029
1787
107
1112
1670
1897
422
943
1008
597
1886
349
1908
816
351
1348
1705
710
1780
322
1237
1519
1467
1832
165
1113
499
1717
1395
1168
1427
277
809
1534
1390
331
1284
1813
1274
145
263
1013
494
24
1830
846
1372
1387
1557
1006
1710
647
378
1030
332
544
2143
831
114
1392
2000
1541
1670
661
928
913
993
65
579
121
211
842
1135
705
866
817
1552
92
58
961
1098
1769
1608
1477
652
1941
2021
648
625
2136
2040
478
1530
1563
1140
311
329
2134
377
908
108
588
1751
1243
1293
471
2061
698
563
2119
1660
1661
1741
1122
991
246
916
865
894
1541
854
788
2020
236
204
1013
548
533
1000
925
1442
1108
1513
1046
204
659
1517
117
1358
2081
89
871
1595
1831
1994
439
2077
762
1304
824
156
10
1612
29
247
1816
1042
796
203
2043
1721
1645
1003
1087
545
1207
1747
2063
1325
958
1996
1415
1829
1444
1099
1676
1883
1028
291
1040
1853
448
1051
1318
478
1299
987
1521
2095
1190
1417
1669
688
273
608
1234
1481
208
1149
659
1166
998
2075
849
295
1027
378
31
2056
669
1072
1761
1118
2123
932
1597
1274
1920
970
1222
963
240
744
1652
513
1353
738
1994
1561
1888
506
580
739
434
1429
1035
1461
1807
1067
1370
330
2139
984
1448
2115
1917
898
1242
1690
1869
317
505
2109
1062
10
476
268
749
323
1829
490
830
262
1230
1265
1692
118
579
1352
1186
1949
1683
1177
786
984
1145
556
1882
240
99
1604
558
604
1566
1621
615
2042
1889
1364
218
1571
1855
1049
1834
938
166
1379
1056
746
585
95
548
120
1273
1335
1105
271
1891
840
512
1990
297
1071
448
1864
545
1063
1759
286
280
1977
1858
2136
879
1545
926
1046
777
1983
1792
1362
2078
193
1483
1204
1529
441
1475
1273
1281
1988
1116
1578
912
1565
1295
1457
481
907
1744
762
737
1455
750
1617
853
1677
516
1630
1513
162
846
1444
355
181
501
1885
623
1977
1010
1904
1817
2127
1336
582
1545
484
2039
2026
1391
1636
641
2129
944
1391
1599
1797
921
2116
1281
287
130
2127
1731
486
161
85
224
784
2062
1235
542
1733
1215
1878
168
613
214
60
492
1606
1697
1133
1588
493
378
1039
144
1300
1008
1425
1587
1139
1405
1172
1625
1566
1257
1850
204
1173
937
746
758
5
477
926
618
691
987
1111
150
536
97
1738
1030
475
631
1175
1775
1639
453
1215
631
1858
240
109
1277
1498
1959
1482
523
749
80
1282
755
557
61
1374
1249
1049
338
1400
1586
435
991
469
911
1623
1644
539
1115
2097
1755
1746
1808
1995
1856
938
1346
1668
273
1869
271
354
1004
1026
912
1066
253
14
2116
591
1415
1555
1027
259
2024
1938
1882
1522
330
850
1472
2085
449
1133
1933
158
2072
1132
1827
198
854
2098
552
1859
977
1465
779
1231
1479
747
1822
747
155
702
1007
32
493
742
1555
824
1592
880
762
2042
2013
548
53
1938
1680
1881
2137
387
1832
542
99
662
2007
878
1893
1339
1626
1568
2087
1781
123
946
1814
617
1689
1222
1442
1134
2102
56
1029
1968
605
1083
1759
138
817
1749
525
502
144
625
1164
4
1503
910
1344
982
331
1284
616
455
83
283
1072
1772
1505
367
759
1460
424
1789
1281
1029
725
894
1167
1542
496
1693
2044
641
170
1061
646
1674
1971
1991
508
155
1128
1125
610
1211
1409
1683
836
767
2050
1596
80
327
1237
1362
1356
1963
109
376
1358
606
2069
1255
1247
92
169
1894
1766
2140
1738
128
148
718
1253
758
1930
515
294
619
1283
197
68
1364
524
1306
579
1881
1122
689
110
332
1295
32
1587
395
125
1756
142
1892
1749
1880
2020
1898
452
1126
509
234
1642
804
854
777
1001
923
2142
1526
82
574
1259
1204
1263
1370
1536
411
1402
977
807
1527
586
950
1272
188
683
1144
2087
1135
124
449
1370
1766
1253
77
396
108
1000
391
1634
1082
965
746
139
81
2116
1676
493
1371
506
1300
751
1092
103
2024
1281
787
1021
1221
1922
1145
1671
1146
764
777
1223
1161
885
76
1552
372
1159
370
1119
1299
452
1089
828
945
313
1334
98
1065
279
202
942
1561
989
1963
635
764
961
158
1910
1726
936
986
739
1822
1063
144
47
76
515
1167
1375
968
109
56
1913
422
1391
2012
1488
1671
67
283
1085
1056
99
1720
1820
1061
1879
1583
639
668
423
1379
342
1486
1524
390
1563
2040
1557
791
861
1666
847
627
2089
91
492
1430
1762
559
1713
700
1615
1813
273
1289
726
4
725
1366
673
1148
599
1015
488
2124
1406
2051
2017
816
695
731
335
1542
1358
277
1634
1851
1708
1249
263
1274
1949
1879
939
75
1020
1666
80
1746
886
753
748
1485
1768
1236
1462
1027
1140
1331
1843
1835
2062
31
1230
1274
309
717
977
2017
1966
1241
1144
1768
973
2084
1844
1994
1604
1924
1593
342
529
193
1828
151
1430
1142
1178
423
327
875
110
242
907
1341
1516
1216
2058
346
1087
1878
1588
84
1499
413
21
1195
260
1625
972
1853
1968
1502
2047
1649
1653
1330
644
685
1753
971
1560
1864
1214
320
1058
583
1537
969
930
477
700
371
561
51
784
583
1247
1045
61
72
751
2029
1575
651
1531
1081
1981
29
1766
1586
1000
1179
1303
67
1500
214
651
890
1183
1581
1367
1883
1952
1928
1935
589
364
1035
1635
425
1108
238
308
536
889
1840
1618
723
1869
1237
162
722
270
1466
790
1770
1680
1441
512
716
875
1880
452
680
1661
240
1270
2026
1276
758
304
238
997
613
775
1887
305
246
463
27
1483
626
750
1753
2092
1540
1376
1625
834
1889
194
1710
1622
647
243
1136
888
1514
1015
17
125
1320
256
1122
1933
1031
862
91
1277
1325
119
613
1951
869
219
1896
262
1596
1375
1097
1338
1569
660
813
69
904
1950
958
271
818
975
397
2138
1232
1519
1924
116
234
2016
1393
1560
2135
2007
1364
857
79
1113
1120
1676
341
70
867
1911
730
1680
1980
1635
1483
791
1907
154
1767
156
144
851
1676
2069
968
1911
1937
214
1323
1925
73
540
635
153
1654
1756
1829
1995
1826
549
1759
409
82
1592
2045
1565
236
1804
1720
2003
1961
1864
708
1490
1786
1676
1254
1576
1890
430
1355
1964
971
1991
2117
478
1599
1799
327
1278
201
2086
1688
283
1531
1586
1849
1767
1243
1422
1624
1057
1139
184
401
779
1860
1655
208
1603
2086
1563
1420
911
1407
1390
1389
859
1043
1716
2137
1244
1655
1678
1528
1039
1117
1230
660
213
505
136
1271
1645
321
1672
277
34
1181
485
1638
1120
2049
912
2031
1308
155
1273
20
1198
843
11
295
351
1690
1823
1390
660
907
2050
874
1412
40
2145
910
361
1671
1187
396
704
1673
2035
1825
1574
800
1709
736
955
836
757
6
1679
768
302
2030
311
2126
1273
971
885
1177
1845
150
1217
1843
1061
1579
1367
101
1975
2072
1774
1863
1750
1201
516
1312
1938
1471
1
547
1478
1680
1316
1780
1563
1627
1759
689
451
497
1867
149
647
937
1993
1709
369
1213
1810
197
1137
1437
2061
740
491
429
2053
282
1901
2054
830
1232
1587
2146
865
1003
1625
477
1693
2077
974
1413
78
1622
203
2072
1183
572
1137
846
769
127
136
683
868
628
1113
774
911
867
681
1741
2099
121
1739
817
1124
1218
1295
670
1147
121
2083
1226
1743
139
1151
780
711
141
1626
1481
269
1763
17
1137
244
1130
1912
1155
1997
445
749
1949
567
342
620
1692
1560
1915
215
560
2036
151
1787
1633
290
790
266
1002
932
1893
336
1201
1509
353
191
1754
1483
2103
762
1333
402
1512
1135
969
1854
1755
514
1267
1523
729
1827
1413
881
1467
899
1172
110
1165
27
1042
910
363
96
272
716
288
2026
52
244
641
1386
647
6
374
1616
1861
2130
2131
980
1506
713
660
772
1594
2128
1671
618
91
688
645
1134
1599
1009
1231
1872
1726
1519
1751
1778
1764
245
1017
264
252
1392
1881
2113
1375
1864
946
734
430
1607
1506
2024
1588
1030
495
1679
1719
1141
666
1171
3
1898
896
1729
1270
499
1361
887
745
231
1152
997
1623
885
963
851
603
1909
1585
1033
1369
945
910
810
1975
1406
342
1547
400
1009
571
404
759
1467
2133
2030
1967
1347
770
565
1578
1922
1563
1054
660
378
1906
1264
141
1344
150
1510
142
1060
173
2117
319
515
1517
720
1524
2089
1124
137
1409
1111
19
1230
311
789
1795
1890
564
1211
797
1225
1589
556
342
1730
1901
493
1094
2043
1553
1267
2013
1873
1783
1384
447
1160
1326
1572
1297
588
535
1317
1818
847
2107
1466
589
524
530
1387
1750
2120
1943
2093
1703
1697
438
649
1593
1992
1917
1459
1719
1553
696
18
566
2022
1590
1864
463
2126
1033
135
826
993
1601
1416
1518
2131
656
1121
2104
452
1066
1660
2
1505
162
1596
1350
2080
908
922
1485
1605
941
2052
1480
384
1768
1944
363
655
2079
1190
1648
1533
458
1019
1518
1115
2140
1475
1567
1059
988
1570
418
1150
1019
1769
1083
1927
544
421
1385
1485
326
718
1870
2095
515
87
602
448
1277
104
1981
1736
1123
1352
703
1116
680
123
28
1668
1694
446
671
565
68
1755
345
612
29
1731
2098
356
302
1821
304
818
1908
907
1266
1038
1011
1101
627
2134
306
1331
1103
986
1455
1132
507
1001
1579
1179
1567
1647
787
1913
113
817
1496
64
1173
1799
1886
1478
470
1647
238
1737
538
1249
691
1166
1236
997
349
193
1984
1804
1325
344
659
757
1523
78
257
163
1991
371
981
1341
435
7
993
174
1485
1464
1822
1723
1054
213
825
1746
1379
2062
596
1729
108
433
1386
1434
777
2045
43
154
2124
301
318
1968
672
1299
1162
1108
1306
8
1282
645
1472
957
221
380
1170
1047
2126
402
962
574
2131
1071
1008
1371
357
1785
1269
401
1940
1246
703
110
1067
1376
1410
82
337
569
90
1620
1214
1563
430
1436
1943
1600
335
1922
2003
1298
349
1988
222
1358
1211
580
996
333
982
789
1579
1685
900
499
914
163
581
1251
732
672
724
1947
89
1154
1236
2032
608
1571
1807
464
723
10
304
945
1368
1516
1526
217
1849
360
1006
1281
2046
1907
1781
813
2070
215
2065
655
888
642
455
977
1796
1691
862
257
1116
523
721
1839
533
1026
637
1901
395
16
2119
97
376
978
1379
275
738
1013
1089
661
1229
1006
1317
2117
1648
1773
947
1298
1317
1809
1555
286
185
129
2125
719
1155
615
473
1551
631
445
1648
1008
1424
880
1284
15
1894
226
677
975
1232
1994
945
734
1620
1893
2032
790
1555
1440
1076
1741
1569
1054
312
578
1669
786
2129
154
1232
1630
1162
509
364
299
525
111
525
1202
1087
1758
1049
2033
345
522
1778
230
1312
1186
1670
241
780
1093
1295
1093
1671
817
1880
1653
971
965
1136
2134
1474
1500
286
2000
1611
811
1055
551
422
2104
437
767
479
68
997
1792
1254
520
2033
2035
1614
1181
981
1137
1999
714
643
823
1679
1780
810
1006
1133
1096
859
598
1908
1914
1149
183
1871
1586
951
203
1654
1949
1995
762
322
1881
650
1936
915
1631
927
767
198
1570
1590
1877
1203
253
736
190
1350
1595
788
1111
1362
1937
1295
1086
1377
98
1290
884
2047
1139
1647
222
873
149
12
1788
1781
939
408
1980
362
1999
1710
1566
105
299
1756
1456
1895
397
420
1110
187
1715
50
1565
1814
1340
302
1715
332
1949
1938
1206
2099
1950
847
1733
741
1256
1566
1104
1108
1129
523
1213
1428
132
522
1176
530
942
140
718
511
190
135
178
1531
437
1893
1863
239
1683
922
191
1486
1770
1925
81
879
1344
1185
1987
326
1709
1053
1754
1842
1576
784
224
371
924
942
882
1114
1078
1061
498
1516
806
214
1756
343
1137
1948
1829
760
1726
1910
1639
922
949
1479
1249
511
386
856
205
1962
1640
430
186
417
1373
1069
1531
304
2130
2030
1821
790
97
1430
1133
1234
1231
815
1994
809
579
1487
1732
1528
819
834
2039
1205
1690
97
1020
1183
528
1207
1601
1901
129
985
59
113
868
1880
903
965
1163
2037
52
246
705
2047
1056
1285
1387
642
666
59
1476
558
1264
1019
656
138
55
1184
1345
1657
939
1475
495
998
1589
1364
731
345
182
1894
234
235
2141
940
135
1050
77
1522
1692
744
1582
1021
1302
699
2041
1959
837
2097
996
36
1606
1935
1511
2102
786
953
1319
1517
1298
1501
1264
1533
1737
1258
326
1873
162
404
1248
1855
1148
683
729
303
1382
622
115
73
572
1111
109
31
899
1620
2134
1685
426
1306
1055
1725
660
173
1111
250
1432
1437
2123
1594
1841
1224
1301
842
1908
2031
1146
1143
506
1261
1216
1079
225
1325
1111
1124
799
1097
662
1226
256
1718
804
917
1891
1915
1168
1176
1205
1144
623
900
222
1925
1742
2130
1809
741
1126
168
2002
195
1247
80
1521
211
1204
172
1309
1867
1399
1565
1438
56
335
1182
1971
1504
211
1030
501
835
1930
723
612
1525
705
274
119
1832
442
2122
2027
1690
54
1401
1901
1259
1574
1063
979
825
481
270
881
817
1453
706
173
1664
1736
675
352
1519
1398
965
897
2104
1240
1017
1788
1683
992
1668
1226
1046
922
980
158
349
2043
1137
1175
377
1407
2057
1194
713
616
1368
231
205
2044
583
1725
1294
1549
475
1251
641
1493
892
177
337
414
1403
1384
1337
236
1543
1686
132
533
714
509
1941
624
1704
507
1240
926
738
1446
822
1321
1023
2117
723
1499
1221
1365
844
2114
1543
1182
381
799
419
1718
1035
1962
1257
1168
348
1972
1677
142
449
1235
649
1689
13
1387
988
836
561
2012
806
1285
1364
2028
503
61
1995
2046
1244
229
698
1664
1948
1734
1479
1058
755
1828
883
285
1970
1332
1520
472
875
1534
1859
1863
223
274
1728
1029
1559
945
910
2063
1006
758
1962
103
987
513
1767
788
101
1100
1846
856
780
582
1141
603
1915
515
1075
642
2049
788
359
125
1062
2087
1155
474
885
2066
390
1892
676
205
1996
1664
719
1616
305
