1201
998
1538
2005
1989
413
91
129
491
133
344
1003
1320
1915
799
1819
484
169
790
1426
827
2144
1670
1005
726
1660
209
1365
2095
203
261
1148
1202
1799
1007
1044
65
1098
1174
557
1231
1518
1561
404
1287
212
77
1772
382
867
1051
1210
863
574
68
1590
87
277
808
34
481
1070
1183
1683
722
43
581
788
1142
1755
1346
227
1126
760
631
266
973
708
2038
1355
1576
942
419
292
1516
488
1883
1603
766
544
1638
1247
1614
674
784
189
718
1365
977
1861
973
176
2088
2099
937
572
218
1910
1281
109
1118
710
1052
1537
1002
420
2025
738
2024
644
1283
1515
1892
750
42
528
939
761
1893
1917
474
719
2094
415
672
884
988
890
646
122
1000
1765
832
2053
1155
1835
326
1034
426
203
1678
1709
1718
1423
312
1761
1952
1252
375
1698
1022
850
270
969
1265
942
1853
106
1833
352
228
686
2118
1060
592
1126
748
919
13
1174
1122
1692
736
694
968
1048
308
772
153
683
323
1175
1533
594
2145
651
1536
1851
758
1222
56
986
1909
27
2047
355
1154
648
1274
1168
1823
249
712
412
943
1680
1461
1251
306
1614
1935
629
642
1321
1223
640
1973
613
344
584
1836
401
1571
1598
429
1471
1953
1583
2119
1080
604
1795
1329
1317
60
126
850
1521
1378
1156
989
1166
1786
1631
340
862
125
166
1476
469
751
1164
871
174
616
1300
1646
422
737
1618
1502
1341
1266
685
511
1327
811
1362
701
42
371
1690
1208
10
1175
1548
873
1300
1715
202
1770
318
1367
494
493
1983
1794
2139
258
384
1611
1761
1726
730
298
90
2058
1110
1452
612
1152
1824
156
213
1835
1331
1761
561
484
1329
764
107
1648
2131
601
2141
1967
249
2134
78
633
1598
1839
212
181
2138
303
92
1101
1756
704
106
1433
861
319
1121
45
2080
1683
530
1262
300
638
763
284
1240
758
104
1489
744
182
2123
195
2022
188
377
2013
492
469
967
100
1174
1073
1534
2035
1392
508
2080
1326
44
463
441
344
1101
1205
628
194
1963
732
1683
560
915
1659
756
790
1848
1133
656
193
1602
1624
294
629
550
1828
517
1943
190
450
1121
234
914
1563
579
2016
621
1207
63
437
1940
1747
998
708
1259
1754
1499
961
740
8
1154
196
1632
1449
825
35
1130
1342
1978
1320
1793
953
1555
560
369
2134
430
991
1194
493
1428
987
93
279
1696
1353
2034
1047
167
627
1056
1322
823
541
623
1648
577
1754
844
408
927
490
1361
335
1051
1731
322
1481
574
1517
1975
2003
357
2068
135
2053
1274
21
953
1442
649
2010
616
1472
404
1240
973
982
847
1818
1390
1775
160
604
2111
1212
188
287
546
763
1804
373
619
14
294
754
2067
1569
775
874
864
1424
737
1481
749
1141
574
1723
2123
1422
1394
1367
1051
1555
1972
1015
620
13
1302
1166
776
959
1540
1395
973
1835
2
893
1257
778
1768
2122
55
357
1456
805
1499
2031
381
1476
1306
1775
695
210
1183
520
1225
1803
533
380
822
1310
1339
215
558
165
2050
560
1059
1160
1338
680
1135
1393
1038
443
51
390
327
433
1866
1633
61
415
1844
1244
935
922
900
1468
1302
1723
631
494
1938
1189
660
1841
1750
1720
854
941
253
1989
187
1292
285
239
1682
613
672
1401
99
733
1817
1943
1978
604
718
732
2073
2020
307
557
368
99
1747
1029
1940
1350
602
647
144
856
489
331
1
775
570
1683
1388
1243
938
1487
1977
607
1283
1808
1212
2001
392
1139
1875
700
1697
95
799
1297
1125
592
500
1727
1240
644
436
1729
976
437
357
1547
2121
1745
642
912
1085
472
1520
221
133
585
76
526
1724
1951
1226
1274
2047
2026
424
1025
471
925
605
1712
1569
1041
1294
398
1479
1651
1945
1453
1248
441
218
186
913
1739
408
1047
177
484
1573
1902
288
652
1029
188
531
1454
1213
1003
232
1818
568
1801
712
1862
52
45
1365
1998
1498
467
292
1717
653
1206
1309
1062
105
1486
1546
1678
1241
1835
183
123
2023
715
1577
1089
1718
1810
760
139
1464
1472
2001
1517
1518
1219
1368
869
1686
1660
439
193
719
1749
1255
824
1088
654
356
182
342
539
306
217
1255
1884
1306
826
1546
2066
965
863
1392
819
233
762
2039
1601
1632
1578
1114
2072
1771
1834
1673
879
511
614
1533
867
796
1875
1407
1102
2093
514
839
1253
1341
238
1172
159
1102
417
978
1335
1180
870
789
665
301
1904
590
2073
1590
116
805
2102
730
191
822
1527
2067
81
482
2014
596
1322
1119
1937
1560
145
2097
515
563
928
1851
1743
1799
493
262
2100
250
852
2026
1841
968
684
1795
1699
876
470
1079
796
552
1562
663
1149
737
1783
939
150
1928
889
666
343
1817
369
2087
1469
862
202
1422
1113
1054
1302
806
2023
1986
455
1575
715
925
507
1512
1478
2069
27
480
658
1810
1419
809
1591
161
1475
1935
1979
1845
1876
1300
560
2078
576
1673
985
1878
333
861
1718
788
289
286
1713
796
1798
1044
718
1826
1525
1377
1490
797
39
934
958
1515
722
790
1213
451
2091
1774
382
520
1300
1368
251
1633
82
1969
274
371
108
1988
1168
1907
885
1887
1586
263
1117
929
1060
1156
1863
2019
524
439
662
1737
890
606
1363
1273
1126
516
493
1377
3
576
1199
277
948
1308
118
2116
1067
1003
1856
506
1266
825
1435
179
1982
1152
51
359
1591
714
2096
334
1320
1312
1607
299
1829
2101
1677
1832
529
729
2110
1478
2037
80
1447
957
1084
1156
1464
203
1982
752
383
1817
1905
435
29
1349
1149
2125
1683
322
1290
1143
621
973
1097
151
658
1627
880
621
958
770
701
258
1728
1786
1414
1044
1989
1249
1797
226
918
1555
661
947
756
1811
926
292
2133
69
1436
607
1042
386
758
1701
2014
1639
174
825
262
876
1083
1990
515
350
887
357
1599
537
583
370
2093
1245
1318
702
909
97
995
895
166
284
1502
1209
671
114
763
538
1753
937
1363
2015
1814
299
1858
181
649
599
539
101
1137
1123
472
1082
221
1790
1785
1130
1887
633
2025
2054
917
1381
1116
1589
1495
1879
2127
1101
670
1343
969
336
1642
680
518
144
1279
1058
246
269
34
718
1352
255
361
990
1385
102
1623
1264
9
393
497
1125
1982
1993
858
1962
946
1528
1158
1916
1865
654
450
236
799
1730
1294
1045
1999
1328
1763
1204
1584
2125
47
822
79
1670
2086
89
2064
437
1214
1899
282
2073
1714
1229
1453
726
998
1171
1380
1448
1407
32
1031
555
1078
883
1883
694
2087
1320
672
2135
2143
752
1658
2083
841
1574
372
2056
1326
655
1982
894
1885
1288
1620
736
312
853
37
1720
886
1069
127
1964
1952
2011
512
1892
1185
1184
1880
1181
1936
1391
1116
631
818
1489
540
2144
2145
374
891
1882
1663
364
471
1975
1218
509
1548
2105
1578
1676
1922
1383
1540
287
1129
578
1471
862
1759
1261
105
728
1892
924
70
284
921
68
659
1813
1951
175
30
275
3
1248
785
1551
1206
216
1080
981
1600
473
1268
582
1051
592
1444
663
1853
1550
1392
1598
326
1463
1883
1248
1531
395
914
1335
570
944
1611
573
45
249
2124
1252
466
1057
86
2066
1530
1355
501
434
1948
1945
1097
1655
1348
342
1106
1675
1805
842
776
1189
1237
1690
377
1807
487
1988
233
533
90
211
1786
556
1268
1873
475
651
1081
977
1085
882
775
36
390
2124
378
1496
1652
35
191
281
1224
1428
1971
1602
1088
311
1443
1322
845
1534
1533
484
2090
654
210
418
1306
1291
1395
244
26
23
280
416
0
658
1913
1652
694
2104
1933
1919
1385
1758
1374
326
2070
670
1649
768
56
1035
1252
0
1690
1462
419
848
606
1814
1093
633
1838
1374
1049
1839
2033
815
1344
580
772
1130
353
10
741
1727
337
664
250
1986
1432
307
874
537
307
416
2000
726
1265
459
394
212
1092
85
1586
2141
1924
1472
809
1121
2053
1582
105
259
1592
846
1986
1930
1511
89
1769
796
396
496
1333
704
912
1186
1431
31
1645
1825
243
589
1910
1829
584
1687
1154
1394
662
1061
829
767
1320
274
1614
1159
57
977
1248
1826
1773
1645
175
960
202
1088
2146
1633
1119
1644
1311
1362
86
1074
1044
670
615
51
2064
1277
1113
746
2044
285
1021
1511
1445
1078
341
546
757
2115
44
933
927
247
2021
926
1881
992
423
1045
207
509
2119
1251
1180
587
1303
1097
1864
269
1844
1761
555
717
1125
2000
1796
1466
399
407
1434
444
1340
214
691
1213
1141
425
59
1564
1471
266
2074
1443
1518
1107
2031
674
57
1748
944
1901
1362
1499
472
340
1352
121
1806
1751
528
1093
48
1868
1308
740
935
302
1166
994
1867
489
1260
1794
1933
631
754
1816
1306
812
1417
102
566
632
1602
1038
972
806
1159
632
411
1688
1725
459
1409
887
1199
197
1189
218
1191
910
707
304
557
493
935
1311
163
94
2123
1580
197
542
65
1799
1580
1038
459
593
1670
870
134
1248
1329
1543
2135
382
1740
1178
600
784
2088
1308
1088
497
1802
2024
1809
1965
2119
1785
1398
169
180
1463
1969
1761
354
280
207
2024
1151
341
1125
333
1885
1113
715
1478
144
1315
116
85
476
1204
582
131
1082
244
2096
1054
2030
1347
1224
63
663
1045
1825
1018
1326
2032
895
330
227
2021
663
2112
987
1379
1444
1132
547
1560
1217
1024
617
1800
1156
1699
2045
1105
606
1928
305
1830
1992
968
729
1670
1987
2056
1555
735
239
1783
608
902
1748
1596
134
1044
581
682
457
1798
1707
1074
1451
715
627
1349
1821
1234
1130
2126
917
975
947
1646
498
787
1555
2054
1522
1794
1690
2131
550
1291
1580
684
188
14
1367
645
1812
927
1720
1117
1643
200
319
1317
1435
1450
1296
205
278
96
1852
777
884
1260
684
259
907
227
243
1457
1518
1823
2142
1707
1837
1362
206
1503
142
1926
472
1786
2127
792
955
1415
94
104
1620
373
201
1325
1150
1085
438
1835
1344
1345
2063
1588
655
1434
1264
650
994
954
2013
1200
310
8
980
782
1794
960
1575
603
228
1669
707
1849
2043
909
1027
1046
1994
1465
734
1192
664
650
632
1319
2084
1897
1970
932
704
1836
2132
1014
1845
965
1797
1492
1925
1224
2095
6
747
655
1856
643
1564
735
1689
1412
54
276
456
718
927
1089
2038
864
839
1861
1796
1543
1550
1781
410
1248
599
60
592
378
1285
540
385
2032
1196
93
528
613
829
70
2025
883
347
335
1601
1274
1425
1492
2138
117
1205
1787
1660
608
1422
2071
1856
2022
2131
302
253
1269
843
638
1154
2039
731
1683
505
1561
1753
384
297
2100
719
1899
1227
2144
1244
1219
113
302
859
1774
911
134
1698
620
9
1683
923
262
805
1766
900
1960
1658
1632
1496
16
1046
1102
400
1343
1055
1119
1095
136
1116
192
1355
1230
494
67
857
1406
201
409
2026
210
2092
802
472
750
421
1372
563
2079
857
2059
2095
1903
1014
348
1099
2070
1468
47
58
437
239
1413
1668
734
1480
378
2140
1682
787
2020
1892
732
675
217
1483
1096
1590
2046
1028
300
1958
976
56
825
1325
1156
748
646
1204
807
1083
1444
73
604
31
1554
982
24
1089
1769
2044
834
355
572
1052
1838
1669
495
1737
549
796
1549
1526
853
227
703
2009
975
1349
1066
1782
285
363
1856
890
395
1263
1872
419
204
1494
317
1039
1850
890
2091
1540
411
439
1130
961
1235
532
340
2089
759
1044
1951
1735
246
870
1371
532
1234
1080
1422
1629
195
1147
2049
400
494
219
1439
197
1109
1383
1738
1521
1822
721
335
911
1254
675
852
2014
1720
656
1602
1966
1527
826
351
614
1906
1773
97
2102
773
2146
355
1268
218
1795
1466
1328
1030
1056
702
706
1778
1038
1617
885
1714
322
752
1286
979
207
1105
360
1034
1457
974
793
1083
1072
748
1857
1071
1104
978
1290
751
297
471
1782
1354
1173
341
985
64
1959
1870
1778
134
475
917
1114
683
2023
1474
1717
1333
301
363
269
1373
1111
2127
297
68
959
1588
820
1256
2059
455
463
1085
797
1449
1150
608
1172
781
743
1648
1698
1857
183
1574
1184
1900
760
1486
116
1030
713
1227
1010
1010
1296
1969
451
2116
1079
363
424
1542
1449
1221
844
452
1830
2016
1233
425
1517
784
136
1700
212
1320
1453
973
659
1570
2003
1372
650
867
236
1946
689
687
1915
1768
1051
192
1163
353
1413
2008
806
1096
1877
2039
1522
1247
677
1658
800
889
831
106
1862
1491
1677
1719
716
180
438
953
2126
1128
1641
1895
750
545
2087
1914
898
1354
1774
1704
303
1504
1597
1825
604
126
1336
1404
1016
21
1511
731
1512
1041
303
82
1221
742
1035
1201
1870
528
948
473
1073
888
239
1972
95
2014
1529
398
1371
979
77
1975
1106
1413
1233
2122
1434
597
706
800
1638
1009
882
712
1752
1917
1913
1475
298
714
1948
1372
1603
41
1197
1699
2055
580
2098
1279
1559
28
1108
518
1442
193
493
729
791
1200
1529
282
62
264
994
1814
34
761
1142
332
1476
944
1705
932
985
755
484
893
1335
435
25
747
464
1134
1266
1906
1328
1760
488
2119
813
2018
254
876
134
1249
543
169
2010
1686
501
1339
482
59
124
1468
815
609
213
3
1044
239
751
1509
1374
2017
1267
554
1630
1756
526
296
1626
780
1172
1761
2030
1715
1930
1893
1254
285
1084
1737
345
1209
1057
1160
1818
1271
1163
715
1511
1914
77
738
1785
1344
1292
1268
953
1819
1564
433
453
588
47
335
156
1978
81
1411
115
1166
1000
460
228
2058
1621
2046
1182
637
614
546
404
691
1284
42
2036
430
1310
842
102
727
1275
555
1316
1322
891
1473
1153
973
737
1269
2139
1737
1730
220
1649
1204
119
684
1841
733
1231
99
1425
368
141
1314
798
1452
9
901
32
1285
1457
1349
460
201
674
1614
1174
1411
736
1166
1002
319
1387
504
1523
1506
1188
1217
93
272
1316
1518
640
1458
685
1439
763
695
193
796
1980
1650
2145
294
1851
672
1908
878
2084
497
2045
939
816
1285
1443
192
645
484
1410
738
756
579
110
1397
2037
796
689
654
1491
883
1450
1324
386
1448
1618
90
2121
1380
969
2058
1877
867
850
546
5
147
739
651
631
2
1389
1388
581
1500
638
471
148
1328
1125
1640
63
428
817
450
1877
288
540
1850
1668
1510
1762
1398
230
465
1945
236
612
537
887
1244
539
129
485
1121
1629
1123
1592
1778
304
571
1270
368
999
2088
818
729
229
1359
432
1898
721
47
1150
952
512
948
1188
1125
1486
2075
221
2025
58
707
999
1687
1831
444
1318
2135
1015
442
356
2015
383
1175
597
612
386
1030
364
1108
1077
1514
2061
1590
315
1101
568
1801
1030
790
1679
1088
1497
531
628
1181
975
1947
1169
1991
242
1525
1859
625
553
308
1238
940
1338
1602
2049
269
969
1962
1859
1284
917
280
937
1947
1070
469
888
420
1000
1517
1601
1976
1317
623
1820
1560
1
1531
38
555
1840
1277
1495
1032
732
1397
1301
1701
1213
1013
838
2130
1294
1776
1931
217
98
672
638
1099
42
92
928
1359
716
601
772
717
2133
810
1273
1826
2088
621
710
672
2019
2012
226
1085
878
1065
1068
24
693
851
242
792
1523
880
1891
1566
972
672
778
1688
1273
1551
259
1259
214
1532
938
155
6
1649
827
2025
1513
1054
963
244
2119
2031
269
665
735
511
1458
112
1391
1202
1678
217
1875
309
1906
1001
1860
17
113
2075
1550
1051
82
1556
553
910
1435
2067
1964
251
164
1937
135
433
455
871
945
1913
983
189
968
514
406
696
824
165
1698
537
183
1812
465
1733
716
547
1142
1269
1458
430
1189
1275
682
1353
1065
817
1787
1520
1689
584
1287
525
774
108
1040
1181
805
1864
1346
356
254
1529
20
720
1115
737
1267
111
2006
578
541
1048
1854
1224
254
772
2041
2041
145
1583
479
1433
2108
1253
1541
1001
287
199
719
1633
555
973
1015
576
1694
2131
1313
814
94
1173
1393
636
74
1100
1861
328
1872
1755
223
2018
1191
702
1304
1152
1956
698
6
95
897
725
1729
1453
1699
598
2030
1246
582
1197
2060
677
223
1306
1314
297
259
1027
626
2132
635
849
2003
1826
1551
1160
831
1360
1858
838
1456
608
1564
1038
2062
1116
1636
1946
215
71
995
128
748
1218
1434
2062
1516
1694
942
2142
1679
1578
844
1534
1257
248
547
2089
1608
258
780
917
867
196
1956
782
1313
1446
581
1528
1517
1577
1656
119
648
944
34
16
491
977
11
22
408
856
1557
1665
1104
2105
1607
566
216
239
1483
1083
436
1293
1866
1749
591
300
1130
2109
1877
640
81
378
1584
115
395
2075
1092
406
2098
1500
1262
1508
1018
219
1466
478
786
1683
718
122
619
1154
1415
338
757
2007
638
1888
1969
368
380
2050
746
1965
18
1141
1893
1111
1548
1845
464
663
1206
1483
883
525
1962
1669
61
533
1792
680
1688
1060
1019
297
920
1657
38
742
2026
419
646
625
237
664
1766
2131
1776
1167
1828
93
1831
887
1577
567
1413
1392
89
1474
1925
1882
8
1466
795
1027
1764
1715
537
1802
310
416
74
957
1041
311
1622
660
295
1251
1828
2123
1344
1512
863
775
2080
129
20
22
1604
1945
1904
1612
1264
552
492
881
120
1030
536
431
1446
610
1388
340
921
863
1001
1217
2114
682
1193
1311
47
2057
2086
2127
39
2107
2
1644
1905
1906
1109
1022
311
1602
1903
432
485
291
863
1932
902
104
125
1824
967
1126
893
934
1809
2087
98
1856
1996
37
1836
2036
2145
1838
1533
1902
1598
495
777
1909
2097
533
194
435
825
1058
220
1727
1162
345
1404
2130
1472
150
917
1134
90
1016
844
2087
1054
533
1976
1051
224
1362
807
1822
1858
1585
1584
1808
2118
1779
96
796
689
317
377
1852
663
1781
1835
2136
1932
606
1123
2023
1622
1967
1963
529
353
1792
1581
577
1007
241
252
717
1826
1837
378
1797
1468
475
446
10
793
824
1863
1456
458
1552
1445
243
10
421
119
1633
242
2082
15
595
1727
1596
1173
586
1838
1425
1304
1516
1115
1683
1166
436
11
1613
447
805
290
163
114
749
1715
1559
992
1726
1981
1111
1212
76
1046
1227
671
626
676
1844
1213
367
1122
370
1884
90
2054
903
526
2066
370
974
723
660
1137
837
1409
706
250
255
284
84
1367
1497
160
266
577
831
893
1254
528
2106
1621
1651
330
1358
1742
236
115
121
155
485
1095
879
1146
86
1716
408
792
1967
664
1077
2051
2031
426
63
150
1004
895
1043
110
1424
1002
1732
928
1332
943
523
1569
1058
645
1725
1544
1741
456
543
1827
26
952
472
1993
1616
1549
1897
1499
1976
1960
1650
833
709
546
944
2133
1549
529
915
734
1472
1439
157
383
2084
1882
1928
1677
191
323
1357
218
1275
1830
64
744
1232
1961
96
1061
1774
1746
1894
336
145
691
322
1694
1220
1238
282
545
529
439
929
466
174
710
2144
366
1034
1355
584
162
1037
648
907
123
462
1003
1184
89
603
932
425
749
1623
748
296
696
1987
578
1242
369
1018
25
836
1192
735
833
1558
1770
41
2142
1932
1079
643
692
1202
1106
1696
239
1195
152
1171
1621
901
647
222
1197
1344
62
1776
440
432
647
465
1268
1839
1200
2102
1250
823
2143
1245
608
1075
1889
1301
130
848
849
369
2043
1002
1541
1517
1903
42
1740
953
1386
1803
582
1826
87
1229
144
1356
921
1345
1311
24
21
1307
1270
630
235
1012
1931
365
1860
634
735
1757
1636
129
1127
1392
172
720
198
1559
376
780
1238
464
2009
1383
1820
784
581
984
808
603
145
2079
1233
380
944
1018
746
657
1652
1482
267
1141
1612
1394
386
1784
2115
584
1196
344
1364
287
808
1227
1670
481
2011
104
1466
672
707
1611
603
1941
1992
1548
812
591
58
317
2074
325
1459
1539
1720
1845
1176
1688
282
225
2032
1647
512
693
727
35
1174
590
140
493
1263
847
2104
1867
642
1949
1268
1454
393
1326
1772
320
1652
1084
1859
1225
782
888
766
1065
1113
651
565
1626
1345
1292
1661
372
1883
1801
866
998
502
823
718
1144
625
1986
451
1019
1165
77
1339
670
1161
1051
1895
1944
1940
514
862
906
1166
1427
384
364
572
2046
736
307
1701
1602
1306
55
278
2025
1200
904
1864
1652
1924
882
1729
1116
1552
743
20
1300
540
1960
1815
1403
719
834
683
1104
1198
1255
1003
1935
1563
557
1390
722
612
1669
599
1813
426
316
1318
203
1199
900
1319
604
1644
1340
1905
37
1153
1573
1440
1872
260
2123
829
1459
1231
1832
1246
647
242
490
1369
855
12
1969
521
438
138
1839
642
1338
592
1961
1942
89
1154
1700
126
160
1126
1567
2032
1387
1543
714
698
628
399
1945
1275
641
288
497
1496
300
319
2017
739
458
1709
1381
1796
155
1196
1592
244
203
1145
371
363
124
1939
248
1512
1335
963
63
1963
1362
2009
1091
2004
150
1589
1353
450
1908
1223
1190
219
786
424
2016
941
1620
1460
1185
1824
458
1557
40
583
1348
289
2095
536
1252
11
352
467
2020
1444
324
23
885
1677
474
646
754
1665
866
1540
2089
735
333
1562
48
1519
1239
507
929
1279
1090
130
1568
1038
666
673
1050
1019
1141
923
315
1465
947
1201
996
1421
1848
1750
939
567
1143
881
1302
1477
296
1351
849
1535
1858
1778
667
801
1908
