126
29
1336
84
475
866
1780
842
1988
1392
1395
1954
399
613
109
372
1855
1694
1047
950
697
1508
735
107
1017
1962
1858
50
1029
876
1369
1155
905
558
1239
1381
1424
872
76
1265
117
1471
1072
516
2085
1182
889
1793
729
1937
596
1427
1298
1331
1534
168
1146
1246
218
28
2122
1588
1184
880
2146
276
115
1423
1148
191
542
1265
1662
1614
1782
1600
649
524
1246
1379
314
1842
659
1613
1026
46
1781
25
1293
2000
54
1268
1441
1238
1
1440
1514
116
716
515
308
1259
1781
1971
726
1417
1424
1376
1942
523
608
109
218
1267
1722
1244
1314
1357
1270
460
1210
1324
1728
503
415
1730
1944
1930
1847
513
298
8
1772
2080
1979
351
1350
1256
1727
1144
1780
188
1254
1998
1456
829
1096
623
39
219
1084
1249
1544
665
1753
1959
248
1550
1743
2095
2064
2042
2103
1690
1975
1935
2041
1178
1045
1622
175
678
1810
1430
529
1120
112
1625
1743
152
1844
680
1401
1241
1345
1008
1053
1593
411
649
1541
328
543
1498
2018
371
1286
1912
1550
184
1387
1725
862
1051
1008
1391
23
1121
869
1767
1273
566
300
527
1807
1645
1535
713
1092
1946
1362
486
127
1906
1984
2146
130
1123
1911
1680
1307
1151
1259
22
55
120
1414
78
1241
136
1846
367
702
2146
894
362
1644
282
1076
589
82
291
1075
209
50
912
208
181
2036
2120
1861
1196
1124
973
1219
1179
1093
486
1258
187
622
956
554
1325
955
1449
1688
452
1731
617
1042
1813
908
2117
2023
959
883
84
1140
771
57
854
1968
1181
1827
1040
213
773
1527
1471
961
2
280
1515
1328
1236
817
869
1689
401
1487
584
67
248
554
2091
1207
1437
29
200
62
86
1054
2031
1268
735
924
1481
1508
304
806
322
306
1087
1838
1635
176
507
357
1865
909
1845
302
977
2093
857
921
1154
148
950
1354
210
1037
262
94
158
997
1018
1640
358
1322
298
681
1629
1386
371
1117
1562
879
1475
1280
1789
1173
1583
619
1119
294
1540
126
442
344
1480
652
1381
1742
747
1539
592
1765
1032
951
940
1331
1632
422
570
2004
1540
2132
736
868
1266
378
2041
702
997
1013
996
390
1140
1439
735
473
2092
2116
68
691
1508
661
309
394
1612
1250
1725
1097
1672
148
954
1065
133
1690
1933
1399
2069
1827
2102
919
693
951
1310
1833
243
2045
159
188
2014
228
879
1375
890
1189
1769
355
291
1347
1452
1964
1496
259
881
1629
1950
667
882
1871
347
837
643
1041
1789
1953
728
2032
1851
888
73
1717
1116
952
945
2006
2142
568
214
286
1915
1666
103
1264
1926
984
746
1728
1652
1629
1453
2000
318
2096
894
2108
1902
1622
1993
1606
363
2066
1176
1480
871
2122
1339
865
543
1553
1152
311
1073
1255
1576
852
92
175
433
1745
1804
1886
1598
2123
1836
345
2084
1591
1968
1929
1050
184
1848
80
1664
572
55
856
1438
598
262
443
910
1335
1698
339
40
1791
514
473
1389
172
213
840
148
2049
1186
85
1493
1007
2015
396
1191
1716
477
708
141
532
1564
1580
1131
1827
2023
2041
1015
1574
233
1055
1218
748
1529
460
920
1742
1301
1069
1644
339
1154
990
1347
1022
1387
391
591
1865
1099
732
250
516
165
1381
196
41
1276
1211
1615
1509
119
686
110
1649
1147
1031
1244
300
2100
741
640
1107
1732
1987
2130
973
231
573
690
1330
1306
941
1847
1472
175
2043
1513
1451
1107
981
813
1227
1668
924
729
668
1956
1973
968
1909
568
1609
869
153
1449
852
1127
1680
1426
1818
863
585
611
563
2057
787
459
1423
91
1567
258
905
647
1926
1829
1376
447
1638
1202
1416
1401
1771
878
123
1925
179
976
904
1860
254
575
576
840
1187
1139
751
1974
1599
27
2065
1019
285
823
1666
64
505
895
512
2144
2098
1928
1397
1722
658
1521
1500
838
349
257
551
604
833
1128
1445
2020
120
49
1847
1720
76
1765
592
362
441
111
427
946
1006
939
943
957
720
193
532
1378
1715
2033
70
2065
143
621
522
976
1749
1967
849
1870
2017
549
1443
2093
167
2035
308
608
2146
736
1555
1006
1675
351
1963
247
545
349
1626
112
234
1696
30
377
171
552
1354
1920
373
56
1644
242
605
940
189
773
828
497
1381
827
1233
789
1833
761
1140
1650
1009
1685
1999
489
1798
86
38
1828
464
209
233
1818
2130
606
1875
1627
849
333
419
1038
1106
1248
1536
340
2075
622
1129
1761
1384
123
1264
247
1808
1116
736
1459
1203
774
1140
1667
983
1374
1339
966
1981
1066
446
682
1400
865
1721
359
2113
1110
699
2042
1733
1829
1656
970
1952
773
1217
1613
1889
1953
925
945
580
2066
465
1563
1293
1804
382
1127
724
828
1810
2124
1694
1383
336
1661
346
1035
1555
2079
718
1065
902
523
1838
2120
2137
1580
1926
915
378
359
835
844
1922
2128
501
158
1108
1225
987
770
1202
534
7
1538
48
353
427
1604
286
1145
522
1189
1668
213
1161
1658
1794
940
427
25
1299
1262
869
1075
1243
1371
1233
203
449
73
974
1652
608
981
1043
656
1335
1470
113
1621
468
635
663
2137
848
1825
1648
495
618
2075
520
1917
1190
1390
845
285
614
2079
489
1063
5
1463
568
613
297
1611
1269
1632
934
1383
1106
1402
2019
1769
1392
720
1447
893
1215
2065
821
1736
1836
2011
979
534
150
1593
465
639
509
470
2103
1077
1084
253
541
206
1886
1476
1589
845
731
1461
467
2124
34
1915
870
1250
1833
1692
840
1521
1556
1819
2055
1706
1265
374
198
1775
845
155
705
1929
408
1247
2135
147
575
1578
993
1307
892
1461
1284
927
1228
7
30
914
1699
870
288
1108
543
197
667
1808
571
866
1436
1416
1021
2142
1198
1430
1242
1187
1577
1818
618
423
978
1511
1884
115
291
965
122
322
1880
1821
1192
21
782
1736
218
1449
1397
790
168
686
59
1189
681
1258
472
1923
298
2050
1594
917
326
425
280
63
540
571
1028
662
893
761
336
2086
782
1118
1675
1001
420
925
1791
588
1612
1851
1778
146
962
103
2070
1261
6
1517
30
332
1942
311
395
335
883
1424
998
1777
38
1334
1716
820
305
1244
1822
726
22
1466
1315
1634
1170
946
1780
2132
1050
1703
1246
1056
1073
1277
1389
868
1588
1785
1204
324
1062
55
2101
1100
1389
1671
1921
1695
768
1595
274
790
914
1589
278
2084
388
2058
2069
1438
1615
1168
347
541
298
1737
1409
1886
1375
466
63
289
521
18
1390
1911
1689
1164
1459
310
612
1733
1101
1527
1174
1379
1464
1563
1290
1386
854
758
407
1201
1299
705
791
561
444
19
1028
508
309
1550
527
1699
1314
69
716
626
379
1328
211
1481
708
1386
713
25
802
2004
1411
1656
615
1818
710
1914
376
1502
329
821
1522
1357
1330
1831
760
1858
1383
2074
1927
2100
553
160
1281
765
1641
1990
4
207
2015
807
63
1279
316
678
950
1027
446
1327
382
775
2
1904
2132
1333
1588
745
1043
825
673
824
777
1226
984
2059
1992
478
1902
1997
685
1769
657
749
901
973
1428
1852
2000
1874
1032
235
502
1034
2140
487
219
1581
1233
1263
258
1906
2087
1036
985
924
948
830
1403
703
680
2088
325
1337
691
1227
163
2119
931
17
1846
1963
252
200
850
245
688
1070
1826
1921
186
2085
1680
126
974
519
1051
1923
1350
307
479
2030
248
805
1221
939
2032
1385
911
816
1402
610
632
1654
811
1483
1900
1499
406
1579
1273
592
1517
807
719
345
1326
1770
121
528
2077
601
412
178
1406
1633
1118
1291
870
2030
2107
125
493
593
1780
1304
2076
1533
657
335
965
1931
928
335
590
1647
680
1916
1270
802
298
1200
1403
710
1379
662
195
350
1953
1066
232
1914
1192
725
359
825
2030
289
211
540
625
1176
323
1553
1511
914
1052
44
684
175
847
982
1375
103
1692
607
765
1888
957
571
807
1190
337
2000
1916
697
678
1799
987
889
192
1612
2065
516
1017
1429
1431
2070
1474
2115
98
174
950
1474
277
495
2082
1042
236
892
1613
1043
2082
1951
896
1851
502
1574
1504
1489
316
1696
954
234
65
1972
1663
1496
1895
991
1464
1994
1165
266
1321
1442
762
1255
337
998
0
1951
2042
2083
1756
791
1788
110
218
1144
1600
535
693
406
769
759
231
285
108
2126
1276
1572
1973
294
1839
1147
1737
454
255
2075
1452
256
1879
1347
193
1488
2138
1981
1599
209
978
1051
744
1672
1458
1514
284
1690
1800
392
1669
929
1965
1495
1224
1657
495
814
2111
751
742
1416
1008
474
616
1201
1962
607
1035
1414
816
2013
318
1561
1538
1777
928
1822
1320
581
67
842
1511
2033
191
588
1543
686
1402
1507
1438
2145
776
299
472
1393
1501
287
2000
388
1702
669
255
2020
83
1793
1650
1012
1468
823
1593
1536
1666
957
1422
1857
1545
817
396
801
178
1835
798
954
2134
1271
200
1488
1559
53
1877
1114
723
2132
987
806
1778
491
1819
1099
1314
1265
488
833
75
1910
542
1620
581
939
274
759
627
1073
1714
614
197
1914
2102
1756
1968
1832
723
543
1816
1711
1350
1447
54
1022
399
1369
140
888
55
215
651
597
1836
1232
1537
2110
1991
17
1036
1558
631
1233
1325
586
843
1145
271
1566
1689
2088
1130
892
1388
1184
1914
1787
406
2055
528
461
123
1179
1059
1959
264
449
1922
108
466
811
1666
1098
2045
844
1684
741
1990
1956
160
1532
1896
1290
277
1137
328
45
777
734
2100
1305
1196
76
337
108
2035
601
558
1811
710
1024
475
229
2123
373
1073
1660
1115
916
1468
1276
301
1217
419
579
207
748
624
985
1482
577
143
532
653
480
640
541
1082
1198
205
1792
76
681
2021
51
1055
947
1712
23
1864
1033
1299
18
104
1719
597
311
319
1221
1296
1802
1799
1439
187
305
1920
827
847
855
2026
1052
501
2103
1733
375
7
641
1323
1719
664
1040
605
1963
1058
709
1535
1655
1021
1854
730
170
1509
381
1610
1697
687
1383
377
1534
92
256
439
593
212
26
968
219
667
144
1939
1332
1185
397
1148
95
1107
536
1751
2128
243
334
151
1753
716
1762
1303
1403
999
1680
790
1091
1937
1230
1684
2
1256
506
222
1924
650
14
1108
1835
412
109
1931
1519
646
1536
1500
890
1870
1652
496
439
1267
1799
1842
119
1333
485
1210
1123
1715
748
1126
824
1254
1348
601
1905
1363
1710
1593
1775
1820
1377
1147
319
766
500
1209
489
6
1705
928
1273
1358
623
1393
543
1109
457
1667
677
1205
646
1502
311
1995
2103
69
1210
1666
1662
838
1339
893
1986
1658
1659
339
720
1
345
279
930
1619
1637
1554
865
33
515
1322
1701
1193
380
200
548
692
47
504
761
1258
23
277
2097
1363
1170
1936
874
682
128
1595
684
474
1874
1615
2094
1364
1022
812
1398
1538
2135
951
583
368
1151
1132
1060
1199
1636
1822
310
1659
2099
260
875
1122
49
1749
1805
178
1197
343
652
924
1958
599
141
833
1411
1539
224
1399
344
808
1768
1496
1940
681
548
1428
356
859
941
308
1119
1816
1431
1169
1418
1090
1347
468
1433
1999
1393
1245
451
1535
2078
1863
928
155
1115
1272
963
735
621
755
1417
1169
37
1773
2029
978
2082
1001
647
1367
22
2066
310
1369
387
1744
1221
1781
841
1673
1169
772
1388
2097
928
356
1222
1891
1092
1844
499
362
866
536
2136
747
1515
2071
1749
15
1291
1771
2081
1602
994
321
1199
68
2103
2040
1742
1125
666
983
1075
1594
1340
150
1338
285
1994
1837
647
713
227
636
1461
1742
561
1063
1758
1853
687
1692
1308
1681
2014
359
1750
1970
253
1345
948
919
181
2023
366
1521
26
1704
1806
2021
1395
307
587
1622
944
2049
1217
1505
965
828
1211
1652
373
372
1187
240
731
790
62
985
2135
1010
1904
169
886
123
1690
913
1828
1349
787
1075
1657
1375
550
453
1277
1768
1959
94
449
1023
1747
823
1395
787
1063
2127
1577
1125
964
1565
2136
722
1734
875
845
1277
1789
526
480
429
1602
2137
1805
6
443
934
1774
255
1029
77
1278
629
900
526
1416
1963
505
846
941
1470
264
930
45
1999
1806
891
1129
1448
1418
1609
1878
873
1599
1536
880
2043
323
507
150
1352
584
1429
1981
1484
1955
1250
1300
313
2096
94
1784
213
1025
1829
65
684
573
1194
2132
1992
657
1863
718
109
1252
1598
5
1575
2106
156
780
543
1585
614
2027
1392
1865
1180
1706
1815
1275
1343
2028
152
1025
2094
836
1599
1141
822
1444
1799
538
15
1908
1790
1613
1913
1218
1572
2069
1999
2115
1507
466
1996
752
184
1029
311
1999
157
1654
1881
310
532
1828
1146
2132
822
1969
1428
474
359
1443
235
2
910
1
1221
334
2071
1072
302
1431
1539
151
36
1723
1180
348
1576
1338
2003
1310
1648
388
990
647
373
1813
469
1802
139
829
1098
374
831
2008
376
2052
195
299
977
498
1730
369
650
1767
2093
1831
2115
1522
1021
1970
684
522
212
1675
1170
585
1341
1639
240
1481
321
1338
1856
1153
1199
84
1058
1395
384
2036
1894
2115
258
397
1735
204
81
1703
1726
1103
1526
263
1625
1738
1939
648
176
1133
140
417
466
462
1755
175
1615
807
260
526
56
645
414
1950
613
673
200
201
877
281
1904
456
1385
1284
720
863
875
512
1512
1052
1645
1653
1469
2112
2115
1077
140
1582
1885
400
2108
1941
1046
376
1744
1659
1049
1945
1860
1927
79
1618
237
1464
754
957
180
1630
1470
1692
535
968
1198
2005
933
1166
935
1074
601
674
1475
562
468
373
939
65
2033
1988
2011
1746
1769
2091
1217
2006
1408
1972
816
1589
1455
139
1134
1991
1108
185
1849
2042
1351
637
968
1952
1312
296
368
1780
670
1307
1846
556
1148
1709
155
770
1653
1372
629
914
1197
1445
356
506
1585
1490
350
546
1676
52
441
880
690
1410
685
2002
1706
1053
1635
229
213
1333
785
1362
896
941
2132
402
166
614
1316
1364
2060
1673
1870
1498
1016
73
2045
545
125
338
1425
815
1749
2111
670
1308
1017
157
1538
1230
1491
176
445
240
1117
431
642
1284
1045
1959
501
958
1485
225
310
354
298
207
899
423
546
177
1239
148
141
1909
1456
1158
2067
847
241
1411
1023
687
1651
2141
1118
146
1278
17
2106
1780
976
1443
2005
1286
1798
156
1494
549
580
2040
727
1819
41
868
1581
1498
2026
1502
197
121
766
1221
808
270
1215
1927
417
346
1944
376
2126
773
1820
1984
2059
1470
2140
1406
2020
573
1299
600
245
1340
1469
1827
691
1348
1182
888
1469
1948
2110
130
71
1177
2058
489
1524
1855
865
1503
481
538
1340
393
2009
1333
1799
1883
1906
951
336
4
144
1805
1832
835
1006
866
1724
328
667
1687
459
738
717
370
1228
94
78
2093
1597
560
484
789
953
346
2123
605
82
1882
1556
418
1887
1701
76
1571
389
1083
291
2114
1412
958
1654
1872
1697
224
95
778
318
174
724
1915
734
1209
557
1688
1555
533
146
1638
268
1702
2057
7
1256
2134
1579
1645
1070
1870
1612
335
682
1119
60
232
1343
156
1010
1661
330
1734
1429
1065
795
1987
605
204
373
752
1842
641
307
1752
649
1563
1738
82
1062
661
1953
527
996
487
1646
1057
719
842
1213
1729
356
1543
1316
1786
461
2112
1626
1067
169
1999
1819
2012
494
2126
1617
1143
1543
1208
1226
457
1870
1031
985
719
1519
484
1777
91
1326
842
1821
1682
239
990
1321
700
955
799
1768
1125
652
1440
990
1146
1420
460
142
815
1669
1368
1273
1392
252
111
2111
1772
595
1741
1863
1921
436
1537
1456
676
380
630
1377
1336
1430
998
314
2082
291
1305
1081
1711
1765
1223
380
1287
444
1653
532
697
1765
496
322
212
90
38
2134
527
1575
1443
1203
1956
2074
433
1145
1357
1431
1460
1292
1722
617
225
1287
236
1449
1667
1523
1894
1173
2055
444
791
404
766
1004
495
804
991
1022
232
287
78
41
214
511
1187
1571
1942
499
716
1518
1117
941
657
1353
243
177
730
2137
1351
638
434
2142
1043
